free_thresh: 0.196
image: warehouse.pgm
negate: 0
occupied_thresh: 0.65
origin: [-0.189861, -0.311019, 1.57]
resolution: 0.05
